300	0.042088666
299.9500122	0.042204019
299.8999939	0.042251612
299.8500061	0.042324693
299.7999878	0.042297353
299.75	0.042449438
299.7000122	0.042517019
299.6499939	0.042567472
299.6000061	0.042788806
299.5499878	0.042824553
299.5	0.042899015
299.4500122	0.043175312
299.3999939	0.043212145
299.3500061	0.043260031
299.2999878	0.043461073
299.25	0.043557184
299.2000122	0.043583388
299.1499939	0.043804942
299.1000061	0.043901715
299.0499878	0.044179977
299	0.044242578
298.9500122	0.044353802
298.8999939	0.044607506
298.8500061	0.044800875
298.7999878	0.044911784
298.75	0.045092004
298.7000122	0.045270095
298.6499939	0.045467125
298.6000061	0.045532748
298.5499878	0.045688819
298.5	0.045839672
298.4500122	0.046127163
298.3999939	0.046280121
298.3500061	0.04647838
298.2999878	0.046591579
298.25	0.046820234
298.2000122	0.046992729
298.1499939	0.047134373
298.1000061	0.047329506
298.0499878	0.047613825
298	0.047752424
297.9500122	0.047999774
297.8999939	0.048116455
297.8500061	0.048419216
297.7999878	0.048555539
297.75	0.048713332
297.7000122	0.048924736
297.6499939	0.049195322
297.6000061	0.049411989
297.5499878	0.049618423
297.5	0.049787352
297.4500122	0.049928197
297.3999939	0.050070362
297.3500061	0.050311419
297.2999878	0.050521419
297.25	0.050697417
297.2000122	0.051029273
297.1499939	0.051200542
297.1000061	0.051296807
297.0499878	0.051460848
297	0.051679295
296.9500122	0.05196419
296.8999939	0.052102943
296.8500061	0.052329465
296.7999878	0.05243617
296.75	0.052760397
296.7000122	0.052851397
296.6499939	0.053073294
296.6000061	0.053220399
296.5499878	0.053431946
296.5	0.05350045
296.4500122	0.053813911
296.3999939	0.054085023
296.3500061	0.054115666
296.2999878	0.054171151
296.25	0.054455882
296.2000122	0.054574355
296.1499939	0.054808071
296.1000061	0.054919592
296.0499878	0.055160092
296	0.055213844
295.9500122	0.055350035
295.8999939	0.055508022
295.8500061	0.055600316
295.7999878	0.055724732
295.75	0.05581003
295.7000122	0.055981179
295.6499939	0.056119567
295.6000061	0.056191296
295.5499878	0.056372287
295.5	0.056362952
295.4500122	0.056564712
295.3999939	0.056598252
295.3500061	0.056783328
295.2999878	0.056807391
295.25	0.05693354
295.2000122	0.056990369
295.1499939	0.057131691
295.1000061	0.057070796
295.0499878	0.057197001
295	0.057231228
294.9500122	0.057305737
294.8999939	0.057449133
294.8500061	0.05731067
294.7999878	0.057408344
294.75	0.057405979
294.7000122	0.057522756
294.6499939	0.057549381
294.6000061	0.057471716
294.5499878	0.057503244
294.5	0.057543952
294.4500122	0.057480333
294.3999939	0.057449399
294.3500061	0.057510357
294.2999878	0.057442404
294.25	0.057394978
294.2000122	0.057335141
294.1499939	0.057285939
294.1000061	0.057253322
294.0499878	0.057310862
294	0.057369808
293.9500122	0.057165609
293.8999939	0.057190755
293.8500061	0.057090469
293.7999878	0.057036333
293.75	0.056943346
293.7000122	0.05698338
293.6499939	0.056737302
293.6000061	0.056668458
293.5499878	0.056611846
293.5	0.056477952
293.4500122	0.056382253
293.3999939	0.056184969
293.3500061	0.056124717
293.2999878	0.055981959
293.25	0.055948332
293.2000122	0.055875742
293.1499939	0.055699809
293.1000061	0.055483712
293.0499878	0.055310391
293	0.05523426
292.9500122	0.055165045
292.8999939	0.054947022
292.8500061	0.054773645
292.7999878	0.054528738
292.75	0.0544885
292.7000122	0.054302748
292.6499939	0.054032744
292.6000061	0.05401065
292.5499878	0.05376053
292.5	0.053495757
292.4500122	0.053314395
292.3999939	0.053089978
292.3500061	0.052967957
292.2999878	0.052786038
292.25	0.052503182
292.2000122	0.052417791
292.1499939	0.052190526
292.1000061	0.052058737
292.0499878	0.05178712
292	0.051628505
291.9500122	0.051418716
291.8999939	0.051208227
291.8500061	0.050935691
291.7999878	0.05092106
291.75	0.050674602
291.7000122	0.050376295
291.6499939	0.050199672
291.6000061	0.0498259
291.5499878	0.049697924
291.5	0.049446272
291.4500122	0.049230271
291.3999939	0.049045943
291.3500061	0.048928107
291.2999878	0.048648808
291.25	0.048402594
291.2000122	0.048268651
291.1499939	0.048029705
291.1000061	0.047842604
291.0499878	0.047633205
291	0.047364584
290.9500122	0.04736394
290.8999939	0.047170305
290.8500061	0.046911413
290.7999878	0.046585315
290.75	0.046582903
290.7000122	0.046352296
290.6499939	0.04606879
290.6000061	0.045965524
290.5499878	0.045882157
290.5	0.045729549
290.4500122	0.045470902
290.3999939	0.045296829
290.3500061	0.045146205
290.2999878	0.045087296
290.25	0.04495521
290.2000122	0.044637679
290.1499939	0.044585614
290.1000061	0.044507134
290.0499878	0.044343448
290	0.044123427
289.9500122	0.044073692
289.8999939	0.044021897
289.8500061	0.043918943
289.7999878	0.043787587
289.75	0.043861873
289.7000122	0.043829772
289.6499939	0.043611898
289.6000061	0.043572898
289.5499878	0.043505329
289.5	0.043408553
289.4500122	0.04341141
289.3999939	0.043380582
289.3500061	0.043319454
289.2999878	0.043249043
289.25	0.043196514
289.2000122	0.04320735
289.1499939	0.043238436
289.1000061	0.043181855
289.0499878	0.043248071
289	0.043271403
288.9500122	0.043310063
288.8999939	0.043287848
288.8500061	0.04339434
288.7999878	0.043459925
288.75	0.04352092
288.7000122	0.043629154
288.6499939	0.04368459
288.6000061	0.043806397
288.5499878	0.043834761
288.5	0.043934899
288.4500122	0.044126228
288.3999939	0.044170703
288.3500061	0.044313873
288.2999878	0.044465549
288.25	0.044627254
288.2000122	0.044717
288.1499939	0.044771282
288.1000061	0.044948753
288.0499878	0.045207373
288	0.045341205
287.9500122	0.045597577
287.8999939	0.045687751
287.8500061	0.04597948
287.7999878	0.046151715
287.75	0.046312674
287.7000122	0.046607464
287.6499939	0.046766098
287.6000061	0.047027476
287.5499878	0.047301674
287.5	0.047424425
287.4500122	0.047755773
287.3999939	0.048000108
287.3500061	0.048260065
287.2999878	0.048525955
287.25	0.048704343
287.2000122	0.04902497
287.1499939	0.049304723
287.1000061	0.049529729
287.0499878	0.049945246
287	0.05014258
286.9500122	0.05044946
286.8999939	0.050713444
286.8500061	0.051084117
286.7999878	0.051370604
286.75	0.051664558
286.7000122	0.052098437
286.6499939	0.052362869
286.6000061	0.052766804
286.5499878	0.053016224
286.5	0.053334031
286.4500122	0.05364314
286.3999939	0.053990729
286.3500061	0.05428466
286.2999878	0.054600027
286.25	0.054953974
286.2000122	0.055197427
286.1499939	0.055575362
286.1000061	0.055974728
286.0499878	0.056351549
286	0.05666834
285.9500122	0.056915421
285.8999939	0.057237771
285.8500061	0.057695582
285.7999878	0.05791639
285.75	0.058260543
285.7000122	0.058596142
285.6499939	0.059005116
285.6000061	0.059290812
285.5499878	0.05954721
285.5	0.059862224
285.4500122	0.060182804
285.3999939	0.060384168
285.3500061	0.060685347
285.2999878	0.06108701
285.25	0.06144123
285.2000122	0.061549619
285.1499939	0.061893716
285.1000061	0.062183759
285.0499878	0.062528445
285	0.062746083
284.9500122	0.06300383
284.8999939	0.063238121
284.8500061	0.063622785
284.7999878	0.063811824
284.75	0.064053655
284.7000122	0.064272407
284.6499939	0.064489947
284.6000061	0.064810558
284.5499878	0.064891653
284.5	0.065106537
284.4500122	0.065414557
284.3999939	0.065613847
284.3500061	0.065771871
284.2999878	0.065920517
284.25	0.066057097
284.2000122	0.066231935
284.1499939	0.066361743
284.1000061	0.066623198
284.0499878	0.066642351
284	0.066819467
283.9500122	0.066923399
283.8999939	0.067102632
283.8500061	0.067226076
283.7999878	0.067192939
283.75	0.067300251
283.7000122	0.067407631
283.6499939	0.067527794
283.6000061	0.06754917
283.5499878	0.067437147
283.5	0.067536349
283.4500122	0.067557942
283.3999939	0.067580227
283.3500061	0.067669432
283.2999878	0.067621666
283.25	0.067539587
283.2000122	0.067579305
283.1499939	0.067555862
283.1000061	0.067567574
283.0499878	0.067303346
283	0.067369039
282.9500122	0.067272332
282.8999939	0.067137076
282.8500061	0.067154428
282.7999878	0.066884362
282.75	0.066804177
282.7000122	0.066694091
282.6499939	0.066520052
282.6000061	0.066460741
282.5499878	0.06631243
282.5	0.066124852
282.4500122	0.065799623
282.3999939	0.065682413
282.3500061	0.065630369
282.2999878	0.06529063
282.25	0.065060833
282.2000122	0.064780578
282.1499939	0.064671613
282.1000061	0.064385353
282.0499878	0.064047315
282	0.063865823
281.9500122	0.063673652
281.8999939	0.063314555
281.8500061	0.063047615
281.7999878	0.062818518
281.75	0.062456431
281.7000122	0.062167292
281.6499939	0.061779713
281.6000061	0.061519811
281.5499878	0.061278934
281.5	0.060985685
281.4500122	0.060608319
281.3999939	0.060260928
281.3500061	0.060029565
281.2999878	0.059623934
281.25	0.059197002
281.2000122	0.05896315
281.1499939	0.0586141
281.1000061	0.058118856
281.0499878	0.057891263
281	0.057520119
280.9500122	0.057097538
280.8999939	0.056825584
280.8500061	0.056438333
280.7999878	0.055981148
280.75	0.055734661
280.7000122	0.055220356
280.6499939	0.054876395
280.6000061	0.054458408
280.5499878	0.054131544
280.5	0.053706747
280.4500122	0.05332503
280.3999939	0.052983118
280.3500061	0.052742314
280.2999878	0.052377708
280.25	0.052030477
280.2000122	0.051745756
280.1499939	0.051479116
280.1000061	0.051237326
280.0499878	0.050798046
280	0.050514417
279.9500122	0.050290696
279.8999939	0.049967544
279.8500061	0.049630203
279.7999878	0.049375109
279.75	0.049125317
279.7000122	0.048777666
279.6499939	0.048464313
279.6000061	0.048286514
279.5499878	0.048124992
279.5	0.047846696
279.4500122	0.047619774
279.3999939	0.047410075
279.3500061	0.047254159
279.2999878	0.047026556
279.25	0.046804315
279.2000122	0.046722037
279.1499939	0.046454897
279.1000061	0.046401606
279.0499878	0.046275633
279	0.046176468
278.9500122	0.046158494
278.8999939	0.046054688
278.8500061	0.045891117
278.7999878	0.045861592
278.75	0.045805042
278.7000122	0.045801547
278.6499939	0.045760591
278.6000061	0.045806317
278.5499878	0.045856587
278.5	0.045849391
278.4500122	0.045948014
278.3999939	0.04600418
278.3500061	0.046075358
278.2999878	0.04618519
278.25	0.046308823
278.2000122	0.046499864
278.1499939	0.046550608
278.1000061	0.046735622
278.0499878	0.047018685
278	0.047200828
277.9500122	0.047430244
277.8999939	0.047667487
277.8500061	0.047875243
277.7999878	0.04808575
277.75	0.048362421
277.7000122	0.048690736
277.6499939	0.049030516
277.6000061	0.049312471
277.5499878	0.049670986
277.5	0.049965461
277.4500122	0.050423761
277.3999939	0.05074531
277.3500061	0.051103475
277.2999878	0.051557194
277.25	0.052050467
277.2000122	0.052402079
277.1499939	0.052866012
277.1000061	0.053352175
277.0499878	0.053836097
277	0.054308561
276.9500122	0.054692736
276.8999939	0.055285431
276.8500061	0.055920357
276.7999878	0.056401314
276.75	0.056799962
276.7000122	0.05739548
276.6499939	0.057995108
276.6000061	0.05840311
276.5499878	0.05903392
276.5	0.059587497
276.4500122	0.06031221
276.3999939	0.060874479
276.3500061	0.061438524
276.2999878	0.06193731
276.25	0.062781567
276.2000122	0.063271407
276.1499939	0.063806964
276.1000061	0.064488115
276.0499878	0.065146342
276	0.065628314
275.9500122	0.066370212
275.8999939	0.066997963
275.8500061	0.067729653
275.7999878	0.068152203
275.75	0.068849443
275.7000122	0.069430153
275.6499939	0.070172639
275.6000061	0.070749022
275.5499878	0.071278933
275.5	0.07180087
275.4500122	0.07244954
275.3999939	0.072993844
275.3500061	0.073569899
275.2999878	0.074233741
275.25	0.074913839
275.2000122	0.075399872
275.1499939	0.075968498
275.1000061	0.076481571
275.0499878	0.0771513
275	0.077548426
274.9500122	0.07811361
274.8999939	0.078539138
274.8500061	0.079368767
274.7999878	0.079725146
274.75	0.080174266
274.7000122	0.080671571
274.6499939	0.08122414
274.6000061	0.081521444
274.5499878	0.082031273
274.5	0.082451068
274.4500122	0.082909058
274.3999939	0.083352036
274.3500061	0.083636043
274.2999878	0.084044398
274.25	0.084439765
274.2000122	0.084620521
274.1499939	0.08505573
274.1000061	0.085285756
274.0499878	0.085652541
274	0.085932927
273.9500122	0.086121117
273.8999939	0.08633454
273.8500061	0.08657574
273.7999878	0.086672311
273.75	0.08689372
273.7000122	0.087069987
273.6499939	0.087165686
273.6000061	0.087253591
273.5499878	0.08736323
273.5	0.08737194
273.4500122	0.087475971
273.3999939	0.087557271
273.3500061	0.087525823
273.2999878	0.08751517
273.25	0.087366635
273.2000122	0.087359615
273.1499939	0.087323197
273.1000061	0.087203033
273.0499878	0.087007426
273	0.086837188
272.9500122	0.086691576
272.8999939	0.086562015
272.8500061	0.086197019
272.7999878	0.086033937
272.75	0.085843672
272.7000122	0.085542208
272.6499939	0.085200216
272.6000061	0.084978652
272.5499878	0.084656555
272.5	0.084250318
272.4500122	0.083779965
272.3999939	0.083294248
272.3500061	0.083000671
272.2999878	0.08253558
272.25	0.082073028
272.2000122	0.081719496
272.1499939	0.081168853
272.1000061	0.080810721
272.0499878	0.080242466
272	0.079789317
271.9500122	0.079180112
271.8999939	0.078679309
271.8500061	0.077941026
271.7999878	0.077532263
271.75	0.076903855
271.7000122	0.076306616
271.6499939	0.075533017
271.6000061	0.074966935
271.5499878	0.07429871
271.5	0.07364385
271.4500122	0.072919112
271.3999939	0.072392253
271.3500061	0.071731203
271.2999878	0.071017614
271.25	0.070269637
271.2000122	0.069647853
271.1499939	0.069126157
271.1000061	0.068285211
271.0499878	0.067665737
271	0.067053145
270.9500122	0.066455659
270.8999939	0.06573575
270.8500061	0.065072366
270.7999878	0.064401689
270.75	0.063837124
270.7000122	0.063167153
270.6499939	0.062481044
270.6000061	0.062011874
270.5499878	0.061567398
270.5	0.060936879
270.4500122	0.06037076
270.3999939	0.059767696
270.3500061	0.059421462
270.2999878	0.058815402
270.25	0.058320925
270.2000122	0.057889721
270.1499939	0.057542751
270.1000061	0.057191052
270.0499878	0.056662998
270	0.056441701
269.9500122	0.056126741
269.8999939	0.055792437
269.8500061	0.055530345
269.7999878	0.055423912
269.75	0.055198157
269.7000122	0.055114635
269.6499939	0.054885476
269.6000061	0.054885916
269.5499878	0.054870539
269.5	0.054811643
269.4500122	0.054820006
269.3999939	0.054800599
269.3500061	0.054938677
269.2999878	0.055150107
269.25	0.055398302
269.2000122	0.055561068
269.1499939	0.055804261
269.1000061	0.056155911
269.0499878	0.056494264
269	0.056885217
268.9500122	0.057275669
268.8999939	0.057731016
268.8500061	0.058293607
268.7999878	0.058819884
268.75	0.059384159
268.7000122	0.059978426
268.6499939	0.060743334
268.6000061	0.061324069
268.5499878	0.061910994
268.5	0.062832595
268.4500122	0.063780364
268.3999939	0.064574589
268.3500061	0.065502647
268.2999878	0.066530545
268.25	0.067544149
268.2000122	0.068409151
268.1499939	0.069451597
268.1000061	0.07050339
268.0499878	0.071876184
268	0.072872349
267.9500122	0.073991408
267.8999939	0.0753346
267.8500061	0.076716085
267.7999878	0.077703182
267.75	0.07900377
267.7000122	0.080467137
267.6499939	0.082006789
267.6000061	0.08326007
267.5499878	0.084661817
267.5	0.086168115
267.4500122	0.087849994
267.3999939	0.088992013
267.3500061	0.090464734
267.2999878	0.091974548
267.25	0.093805716
267.2000122	0.095103618
267.1499939	0.096513648
267.1000061	0.09805551
267.0499878	0.099926217
267	0.101227945
266.9500122	0.102719553
266.8999939	0.104362134
266.8500061	0.106187062
266.7999878	0.107608718
266.75	0.109157142
266.7000122	0.110972091
266.6499939	0.112639657
266.6000061	0.113848918
266.5499878	0.115233133
266.5	0.116792292
266.4500122	0.11854619
266.3999939	0.119997907
266.3500061	0.121326582
266.2999878	0.122813943
266.25	0.124558878
266.2000122	0.125692639
266.1499939	0.126944626
266.1000061	0.128451945
266.0499878	0.130162449
266	0.131313246
265.9500122	0.132560801
265.8999939	0.133935545
265.8500061	0.135197263
265.7999878	0.136107288
265.75	0.137142386
265.7000122	0.138189245
265.6499939	0.139575665
265.6000061	0.140329553
265.5499878	0.141271955
265.5	0.142215507
265.4500122	0.143204795
265.3999939	0.143832745
265.3500061	0.144459432
265.2999878	0.14522299
265.25	0.14603398
265.2000122	0.146537711
265.1499939	0.147007853
265.1000061	0.147456403
265.0499878	0.147877256
265	0.148174622
264.9500122	0.148317226
264.8999939	0.148639478
264.8500061	0.148672349
264.7999878	0.148653518
264.75	0.148707511
264.7000122	0.148603053
264.6499939	0.148365363
264.6000061	0.148186211
264.5499878	0.147819499
264.5	0.147412983
264.4500122	0.146907778
264.3999939	0.146397014
264.3500061	0.145832331
264.2999878	0.145163549
264.25	0.144191471
264.2000122	0.143597791
264.1499939	0.14273058
264.1000061	0.141767478
264.0499878	0.140567342
264	0.13957533
263.9500122	0.138604007
263.8999939	0.1372748
263.8500061	0.13590377
263.7999878	0.134914173
263.75	0.133603698
263.7000122	0.132153245
263.6499939	0.130489851
263.6000061	0.129038481
263.5499878	0.127689823
263.5	0.125971285
263.4500122	0.124419567
263.3999939	0.123143895
263.3500061	0.121570251
263.2999878	0.120152768
263.25	0.118366456
263.2000122	0.116936703
263.1499939	0.115600674
263.1000061	0.113961758
263.0499878	0.112320365
263	0.111221778
262.9500122	0.109920428
262.8999939	0.108568762
262.8500061	0.107182652
262.7999878	0.106090701
262.75	0.104928612
262.7000122	0.103788314
262.6499939	0.102682806
262.6000061	0.102025507
262.5499878	0.101197661
262.5	0.100483738
262.4500122	0.099654195
262.3999939	0.099212734
262.3500061	0.098809071
262.2999878	0.098502259
262.25	0.098197396
262.2000122	0.098008259
262.1499939	0.098122392
262.1000061	0.098122541
262.0499878	0.098360614
262	0.098781307
261.9500122	0.099294962
261.8999939	0.09998455
261.8500061	0.100940255
261.7999878	0.101745617
261.75	0.102712198
261.7000122	0.10386177
261.6499939	0.105527764
261.6000061	0.107007152
261.5499878	0.108540991
261.5	0.110496873
261.4500122	0.11270389
261.3999939	0.1144228
261.3500061	0.116587412
261.2999878	0.119297677
261.25	0.122375397
261.2000122	0.124985377
261.1499939	0.127814797
261.1000061	0.13126028
261.0499878	0.134970457
261	0.137827833
260.9500122	0.141266594
260.8999939	0.144884197
260.8500061	0.149693357
260.7999878	0.153430103
260.75	0.157366442
260.7000122	0.161893934
260.6499939	0.167205625
260.6000061	0.170936279
260.5499878	0.175579608
260.5	0.180861856
260.4500122	0.187178174
260.3999939	0.192097115
260.3500061	0.19741996
260.2999878	0.203795732
260.25	0.210257303
260.2000122	0.215288304
260.1499939	0.220943132
260.1000061	0.227150052
260.0499878	0.234798809
260	0.240803325
259.9500122	0.247093469
259.8999939	0.253981267
259.8500061	0.261901761
259.7999878	0.267227553
259.75	0.274273629
259.7000122	0.281792583
259.6499939	0.290536311
259.6000061	0.297608784
259.5499878	0.304846492
259.5	0.312963397
259.4500122	0.321963114
259.3999939	0.328196108
259.3500061	0.335507409
259.2999878	0.343240331
259.25	0.352676427
259.2000122	0.359988446
259.1499939	0.367339837
259.1000061	0.375924495
259.0499878	0.384977053
259	0.390875068
258.9500122	0.398551409
258.8999939	0.407088351
258.8500061	0.416453058
258.7999878	0.423922291
258.75	0.431208433
258.7000122	0.439701373
258.6499939	0.44872179
258.6000061	0.45490999
258.5499878	0.46217672
258.5	0.469903229
258.4500122	0.478703166
258.3999939	0.485457869
258.3500061	0.49228037
258.2999878	0.500109442
258.25	0.508195544
258.2000122	0.513793717
258.1499939	0.520479086
258.1000061	0.527971298
258.0499878	0.536508413
258	0.542824136
257.9500122	0.549404515
257.8999939	0.55655006
257.8500061	0.564085011
257.7999878	0.569483702
257.75	0.575669178
257.7000122	0.582117625
257.6499939	0.589561848
257.6000061	0.59535767
257.5499878	0.601022205
257.5	0.607510866
257.4500122	0.614150079
257.3999939	0.618786797
257.3500061	0.624170531
257.2999878	0.630571089
257.25	0.637263293
257.2000122	0.642608597
257.1499939	0.647810927
257.1000061	0.65397382
257.0499878	0.659929505
257	0.664341632
256.9500122	0.669729527
256.8999939	0.67491997
256.8500061	0.681178989
256.7999878	0.685544712
256.75	0.690582523
256.7000122	0.695605873
256.6499939	0.701333452
256.6000061	0.705042885
256.5499878	0.709538162
256.5	0.714689086
256.4500122	0.720347331
256.3999939	0.724395854
256.3500061	0.728768956
256.2999878	0.733677312
256.25	0.738692986
256.2000122	0.742209326
256.1499939	0.746563064
256.1000061	0.750712714
256.0499878	0.756003345
256	0.759729814
255.9499969	0.76393404
255.8999939	0.76826064
255.8500061	0.772697776
255.8000031	0.775643502
255.75	0.779209366
255.6999969	0.783643779
255.6499939	0.788327791
255.6000061	0.791535301
255.5500031	0.795345664
255.5	0.799601939
255.4499969	0.803649571
255.3999939	0.806687857
255.3500061	0.810375599
255.3000031	0.813435429
255.25	0.817955419
255.1999969	0.821043675
255.1499939	0.823877329
255.1000061	0.828018857
255.0500031	0.831618794
255	0.833861728
254.9499969	0.837132578
254.8999939	0.840582705
254.8500061	0.844423971
254.8000031	0.847296947
254.75	0.849950532
254.6999969	0.853199592
254.6499939	0.856477376
254.6000061	0.859024188
254.5500031	0.861681834
254.5	0.864749043
254.4499969	0.867949965
254.3999939	0.870774309
254.3500061	0.87309559
254.3000031	0.875888733
254.25	0.879366098
254.1999969	0.88108398
254.1499939	0.883501139
254.1000061	0.886249414
254.0500031	0.889667846
254	0.892028646
253.9499969	0.893946407
253.8999939	0.896540366
253.8500061	0.899238226
253.8000031	0.901675293
253.75	0.903284619
253.6999969	0.906027347
253.6499939	0.908665283
253.6000061	0.910949916
253.5500031	0.912653635
253.5	0.915132302
253.4499969	0.918037172
253.3999939	0.918933751
253.3500061	0.921053271
253.3000031	0.92335395
253.25	0.925728122
253.1999969	0.927694119
253.1499939	0.929610394
253.1000061	0.93180945
253.0500031	0.933894601
253	0.93540785
252.9499969	0.937018266
252.8999939	0.938595897
252.8500061	0.940501871
252.8000031	0.942331974
252.75	0.944512508
252.6999969	0.94596217
252.6499939	0.947806734
252.6000061	0.949043938
252.5500031	0.950869881
252.5	0.952320533
252.4499969	0.954037425
252.3999939	0.955654873
252.3500061	0.957006675
252.3000031	0.958345502
252.25	0.960017229
252.1999969	0.961512254
252.1499939	0.962182212
252.1000061	0.963876719
252.0500031	0.965309741
252	0.96660984
251.9499969	0.968222732
251.8999939	0.9691621
251.8500061	0.970522222
251.8000031	0.971504478
251.75	0.972745941
251.6999969	0.97357695
251.6499939	0.974662909
251.6000061	0.976412387
251.5500031	0.97722022
251.5	0.978200792
251.4499969	0.979732167
251.3999939	0.980360426
251.3500061	0.981081196
251.3000031	0.982260953
251.25	0.983019757
251.1999969	0.98403341
251.1499939	0.985008634
251.1000061	0.985233274
251.0500031	0.986408474
251	0.98740004
250.9499969	0.987895575
250.8999939	0.988078714
250.8500061	0.989599294
250.8000031	0.989593054
250.75	0.990310456
250.6999969	0.991427614
250.6499939	0.991993672
250.6000061	0.99219038
250.5500031	0.992686906
250.5	0.993400247
250.4499969	0.994888438
250.3999939	0.994603775
250.3500061	0.994353284
250.3000031	0.995313749
250.25	0.996140301
250.1999969	0.996202899
250.1499939	0.996539067
250.1000061	0.99671448
250.0500031	0.997045399
250	0.99733541
249.9499969	0.998074504
249.8999939	0.997935144
249.8500061	0.998542108
249.8000031	0.998036073
249.75	0.998820927
249.6999969	0.998551913
249.6499939	0.999063197
249.6000061	0.999225833
249.5500031	1.000000188
249.5	0.999039426
249.4499969	0.999232569
249.3999939	0.999559327
249.3500061	0.999155312
249.3000031	0.999944127
249.25	0.999847952
249.1999969	0.999399662
249.1499939	0.999361628
249.1000061	0.999162839
249.0500031	0.999294771
249	0.999172348
248.9499969	0.998888973
248.8999939	0.998368279
248.8500061	0.998200789
248.8000031	0.998516058
248.75	0.998337178
248.6999969	0.997409201
248.6499939	0.997561833
248.6000061	0.997046092
248.5500031	0.996672187
248.5	0.996469239
248.4499969	0.995927151
248.3999939	0.995195486
248.3500061	0.995360103
248.3000031	0.994838716
248.25	0.993898853
248.1999969	0.993463935
248.1499939	0.993156392
248.1000061	0.992313001
248.0500031	0.992027348
248	0.99155499
247.9499969	0.990975165
247.8999939	0.990074822
247.8500061	0.989068002
247.8000031	0.988750554
247.75	0.988100406
247.6999969	0.986933922
247.6499939	0.986331316
247.6000061	0.985345693
247.5500031	0.984835102
247.5	0.984410683
247.4499969	0.982948244
247.3999939	0.982546903
247.3500061	0.980981752
247.3000031	0.980438674
247.25	0.979774164
247.1999969	0.978168799
247.1499939	0.977489531
247.1000061	0.976206765
247.0500031	0.974715998
247	0.974338825
246.9499969	0.9736654
246.8999939	0.972865293
246.8500061	0.970776972
246.8000031	0.969820172
246.75	0.968432119
246.6999969	0.966896087
246.6499939	0.965758327
246.6000061	0.964674647
246.5500031	0.963679218
246.5	0.961712231
246.4499969	0.96059537
246.3999939	0.958796367
246.3500061	0.957685449
246.3000031	0.95633018
246.25	0.954367848
246.1999969	0.95315085
246.1499939	0.951614026
246.1000061	0.950151786
246.0500031	0.948177866
246	0.947075861
245.9499969	0.945087183
245.8999939	0.942849894
245.8500061	0.941474816
245.8000031	0.940379349
245.75	0.938340354
245.6999969	0.936522929
245.6499939	0.934428864
245.6000061	0.93271524
245.5500031	0.93110839
245.5	0.928842775
245.4499969	0.926788229
245.3999939	0.92505648
245.3500061	0.922768083
245.3000031	0.92084854
245.25	0.918257354
245.1999969	0.916177552
245.1499939	0.914591799
245.1000061	0.9119709
245.0500031	0.909648232
245	0.90790321
244.9499969	0.905494273
244.8999939	0.903359598
244.8500061	0.900556451
244.8000031	0.898022713
244.75	0.896073356
244.6999969	0.893445523
244.6499939	0.890786391
244.6000061	0.888662512
244.5500031	0.886133727
244.5	0.883291951
244.4499969	0.880201664
244.3999939	0.877617808
244.3500061	0.874860124
244.3000031	0.872181875
244.25	0.869065044
244.1999969	0.866832906
244.1499939	0.864137324
244.1000061	0.861342992
244.0500031	0.8575565
244	0.854866366
243.9499969	0.852123043
243.8999939	0.84907297
243.8500061	0.844848093
243.8000031	0.84273085
243.75	0.839534681
243.6999969	0.83591033
243.6499939	0.832342238
243.6000061	0.828841745
243.5500031	0.825525482
243.5	0.822023256
243.4499969	0.817784264
243.3999939	0.815155341
243.3500061	0.811922823
243.3000031	0.808007816
243.25	0.803607278
243.1999969	0.799925379
243.1499939	0.796597775
243.1000061	0.792696288
243.0500031	0.788167532
243	0.78490213
242.9499969	0.780998018
242.8999939	0.77671703
242.8500061	0.771711212
242.8000031	0.767874552
242.75	0.763865202
242.6999969	0.759364923
242.6499939	0.754158137
242.6000061	0.750747084
242.5500031	0.746417315
242.5	0.741930606
242.4499969	0.736279937
242.3999939	0.731826359
242.3500061	0.727642289
242.3000031	0.722641621
242.25	0.716900473
242.1999969	0.713130125
242.1499939	0.708365538
242.1000061	0.703187029
242.0500031	0.696641862
242	0.691816459
241.9499969	0.686888046
241.8999939	0.681073801
241.8500061	0.674862523
241.8000031	0.670291771
241.75	0.665125099
241.6999969	0.659526976
241.6499939	0.652781088
241.6000061	0.647413003
241.5500031	0.641937797
241.5	0.635726668
241.4499969	0.628677497
241.3999939	0.623922368
241.3500061	0.61790765
241.3000031	0.611206779
241.25	0.603537025
241.1999969	0.597586193
241.1499939	0.591073959
241.1000061	0.583878395
241.0500031	0.576107711
241	0.570569462
240.9499969	0.564115616
240.8999939	0.557360072
240.8500061	0.548633974
240.8000031	0.541987134
240.75	0.535500256
240.6999969	0.52764454
240.6499939	0.519096777
240.6000061	0.513221321
240.5500031	0.506356823
240.5	0.497963575
240.4499969	0.488807908
240.3999939	0.481451045
240.3500061	0.474017767
240.3000031	0.465402355
240.25	0.456330928
240.1999969	0.449662694
240.1499939	0.442161122
240.1000061	0.434194076
240.0500031	0.424280546
240	0.417009805
